0.001 0.9279
0.002 1.7681
0.003 2.5278
0.004 3.2411
0.005 3.8769
0.006 4.4934
0.007 5.0328
0.008 5.5457
0.009 6.0461
0.01 6.463
0.011 6.9305
0.012 7.2927
0.013 7.6817
0.014 8.0477
0.015 8.3814
0.016 8.7069
0.017 8.9498
0.018 9.2422
0.019 9.5477
0.02 9.8019
0.021 9.9644
0.022 10.1999
0.023 10.3895
0.024 10.6149
0.025 10.7854
0.026 11.0158
0.027 11.1664
0.028 11.2827
0.029 11.3924
0.03 11.5688
0.031 11.6897
0.032 11.8486
0.033 11.9252
0.034 12.0637
0.035 12.1381
0.036 12.2679
0.037 12.3044
0.038 12.4814
0.039 12.5106
0.04 12.6096
0.041 12.6631
0.042 12.805
0.043 12.8873
0.044 12.9074
0.045 13.0362
0.046 13.0573
0.047 13.1123
0.048 13.0881
0.049 13.1987
0.05 13.2032
0.051 13.3076
0.052 13.3489
0.053 13.3498
0.054 13.384
0.055 13.4269
0.056 13.5076
0.057 13.5199
0.058 13.5446
0.059 13.628
0.06 13.6553
0.061 13.6525
0.062 13.6559
0.063 13.7576
0.064 13.7839
0.065 13.753
0.066 13.785
0.067 13.8026
0.068 13.7883
0.069 13.9414
0.07 13.8715
0.071 13.9177
0.072 13.9228
0.073 13.9565
0.074 13.9608
0.075 14.0491
0.076 13.9369
0.077 14.0654
0.078 14.0279
0.079 14.0702
0.08 14.0559
0.081 14.1219
0.082 14.095
0.083 14.1268
0.084 14.1078
0.085 14.1453
0.086 14.1323
0.087 14.1285
0.088 14.1575
0.089 14.1264
0.09 14.1764
0.091 14.1912
0.092 14.1319
0.093 14.1522
0.094 14.2623
0.095 14.1653
0.096 14.2813
0.097 14.2494
0.098 14.2156
0.099 14.161
