0.001 0.9222
0.002 1.7498
0.003 2.4954
0.004 3.1909
0.005 3.8071
0.006 4.3989
0.007 4.9212
0.008 5.4024
0.009 5.8792
0.01 6.2704
0.011 6.7029
0.012 7.0433
0.013 7.4088
0.014 7.7499
0.015 8.0664
0.016 8.3503
0.017 8.5682
0.018 8.8441
0.019 9.1208
0.02 9.3457
0.021 9.4973
0.022 9.7025
0.023 9.8649
0.024 10.0761
0.025 10.2232
0.026 10.4335
0.027 10.5608
0.028 10.6585
0.029 10.7657
0.03 10.9225
0.031 11.0317
0.032 11.1462
0.033 11.2283
0.034 11.3387
0.035 11.4169
0.036 11.5224
0.037 11.5523
0.038 11.7185
0.039 11.716
0.04 11.8024
0.041 11.8591
0.042 11.9873
0.043 12.0503
0.044 12.0647
0.045 12.2012
0.046 12.2072
0.047 12.2428
0.048 12.2253
0.049 12.3225
0.05 12.3274
0.051 12.4255
0.052 12.4466
0.053 12.4625
0.054 12.4677
0.055 12.5201
0.056 12.5916
0.057 12.5885
0.058 12.6195
0.059 12.6892
0.06 12.7231
0.061 12.7252
0.062 12.741
0.063 12.8185
0.064 12.8568
0.065 12.8037
0.066 12.846
0.067 12.8529
0.068 12.8294
0.069 12.9805
0.07 12.9235
0.071 12.9546
0.072 12.9715
0.073 12.9847
0.074 13.0097
0.075 13.0938
0.076 12.9747
0.077 13.1194
0.078 13.0801
0.079 13.1005
0.08 13.109
0.081 13.1774
0.082 13.148
0.083 13.1762
0.084 13.1585
0.085 13.1816
0.086 13.1855
0.087 13.1882
0.088 13.2225
0.089 13.2069
0.09 13.2378
0.091 13.2544
0.092 13.2242
0.093 13.2411
0.094 13.3285
0.095 13.2263
0.096 13.3235
0.097 13.3317
0.098 13.2863
0.099 13.269
