0.001 0.9219
0.002 1.7496
0.003 2.4942
0.004 3.1887
0.005 3.8041
0.006 4.3957
0.007 4.9168
0.008 5.3939
0.009 5.8708
0.01 6.2613
0.011 6.693
0.012 7.0292
0.013 7.3902
0.014 7.7302
0.015 8.0457
0.016 8.3277
0.017 8.5447
0.018 8.815
0.019 9.0891
0.02 9.3138
0.021 9.458
0.022 9.6627
0.023 9.8231
0.024 10.0317
0.025 10.1742
0.026 10.3809
0.027 10.5029
0.028 10.5944
0.029 10.6976
0.03 10.8551
0.031 10.9594
0.032 11.0764
0.033 11.1504
0.034 11.2573
0.035 11.3292
0.036 11.4364
0.037 11.4609
0.038 11.6238
0.039 11.6181
0.04 11.7022
0.041 11.7593
0.042 11.873
0.043 11.9373
0.044 11.9436
0.045 12.0739
0.046 12.0794
0.047 12.1072
0.048 12.0955
0.049 12.1788
0.05 12.1786
0.051 12.274
0.052 12.2938
0.053 12.2969
0.054 12.3081
0.055 12.3621
0.056 12.423
0.057 12.4126
0.058 12.4382
0.059 12.5111
0.06 12.539
0.061 12.5321
0.062 12.5438
0.063 12.6149
0.064 12.6504
0.065 12.6009
0.066 12.6382
0.067 12.6229
0.068 12.61
0.069 12.7439
0.07 12.6945
0.071 12.723
0.072 12.7335
0.073 12.7497
0.074 12.7692
0.075 12.8408
0.076 12.7201
0.077 12.8599
0.078 12.8161
0.079 12.8274
0.08 12.8304
0.081 12.8954
0.082 12.868
0.083 12.8901
0.084 12.8675
0.085 12.89
0.086 12.8834
0.087 12.88
0.088 12.9083
0.089 12.8858
0.09 12.9126
0.091 12.9289
0.092 12.8967
0.093 12.8996
0.094 12.9976
0.095 12.8794
0.096 12.9835
0.097 12.9836
0.098 12.9321
0.099 12.8998
