92.19
87.48
83.14
79.7175
76.082
73.2617
70.24
67.4237
65.2311
62.613
60.8455
58.5767
56.8477
55.2157
53.638
52.0481
50.2629
48.9722
47.8374
46.569
45.0381
43.9214
42.7091
41.7987
40.6968
39.9265
38.8996
37.8371
36.8883
36.1837
35.3529
34.6138
33.7891
33.1097
32.3691
31.7678
30.9754
30.5889
29.79
29.2555
28.6812
28.269
27.7612
27.1445
26.8309
26.2596
25.76
25.199
24.8547
24.3572
24.0667
23.6419
23.2017
22.7928
22.4765
22.1839
21.7765
21.4452
21.2053
20.8983
20.5444
20.2319
20.0237
19.7662
19.386
19.1488
18.8401
18.5441
18.4694
18.135
17.9197
17.6854
17.4653
17.2557
17.1211
16.737
16.7012
16.4309
16.2372
16.038
15.9202
15.6927
15.5302
15.3185
15.1647
14.9807
14.8046
14.6685
14.4784
14.3473
14.2076
14.0182
13.8705
13.8272
13.5573
13.5245
13.3852
13.196
13.0301
